init: 0.003657s
cost: 0.728731s
grad: 1.682333s

